0.000000000000000000e+00
0.000000000000000000e+00
0.000000000000000000e+00
3.300000000000000000e+02
0.000000000000000000e+00
0.000000000000000000e+00
5.460000000000000000e+02
4.100000000000000000e+01
4.400000000000000000e+01
4.800000000000000000e+01
6.400000000000000000e+01
0.000000000000000000e+00
0.000000000000000000e+00
8.600000000000000000e+01
0.000000000000000000e+00
1.180000000000000000e+02
6.600000000000000000e+01
3.200000000000000000e+01
1.760000000000000000e+02
1.170000000000000000e+02
